{
 "cells": [
  {
   "cell_type": "code",
   "execution_count": 2,
   "id": "710b2b1e",
   "metadata": {},
   "outputs": [
    {
     "name": "stdout",
     "output_type": "stream",
     "text": [
      "Mounted at /content/drive\n"
     ]
    }
   ],
   "source": [
    "from google.colab import drive\n",
    "drive.mount('/content/drive')"
   ]
  },
  {
   "cell_type": "code",
   "execution_count": 13,
   "id": "82682d8d",
   "metadata": {},
   "outputs": [],
   "source": [
    "import sys\n",
    "sys.path.append('/content/drive/MyDrive/Colab Notebooks/Forecast')\n",
    "\n",
    "import os\n",
    "import numpy as np\n",
    "import pandas as pd\n",
    "import random\n",
    "import json\n",
    "\n",
    "import plot_dashes\n",
    "\n",
    "import processing as prc\n",
    "\n",
    "import models"
   ]
  },
  {
   "cell_type": "code",
   "execution_count": 5,
   "id": "76bb3103",
   "metadata": {},
   "outputs": [
    {
     "data": {
      "text/plain": [
       "[[0.1065765800354961, 0.884196356312828, 0.009227063651675915],\n",
       " [0.07693075270832014, 0.8124085317954954, 0.11066071549618439],\n",
       " [0.10069063041181298, 0.7946550483880417, 0.10465432120014537],\n",
       " [0.5213790060164403, 0.38899681567043887, 0.08962417831312088],\n",
       " [0.9522931835724492, 0.007202242995248807, 0.04050457343230196],\n",
       " [0.8850138205602276, 0.004691913112480739, 0.11029426632729171],\n",
       " [0.5441319982843059, 0.07508974177832695, 0.3807782599373672],\n",
       " [0.3206683739419469, 0.6715643654705583, 0.007767260587494812],\n",
       " [0.2375463647263193, 0.03598645033973364, 0.726467184933947],\n",
       " [0.0730802871305209, 0.7622435425682212, 0.1646761703012579],\n",
       " [0.10633501067297531, 0.03203243759588237, 0.8616325517311423],\n",
       " [0.23363859391897615, 0.26422241437868055, 0.5021389917023433],\n",
       " [0.9179151939413513, 0.06296182997444244, 0.01912297608420621],\n",
       " [0.3267544134074799, 0.28320038310736184, 0.39004520348515825],\n",
       " [0.213013798114305, 0.1687710820877591, 0.618215119797936],\n",
       " [0.12347640386040781, 0.057963842872788815, 0.8185597532668034],\n",
       " [0.4675238408600387, 0.23337647682061413, 0.29909968231934725],\n",
       " [0.9796189477895444, 0.00945466576810066, 0.010926386442354996],\n",
       " [0.8453337722587072, 0.11595897098669794, 0.03870725675459484],\n",
       " [0.23168572059063638, 0.5088261181813176, 0.259488161228046]]"
      ]
     },
     "execution_count": 5,
     "metadata": {},
     "output_type": "execute_result"
    }
   ],
   "source": [
    "# # Opção usando NumPy - dirichlet\n",
    "\n",
    "# rng = np.random.default_rng()\n",
    "# rng.dirichlet([1, 1, 1], size=20)\n",
    "\n",
    "# Inicialização - Opção usando código na mão\n",
    "def start_population(max_size):\n",
    "    '''\n",
    "    20 Individuos com espaco de busca de 3 dimensões (3 modelos), \n",
    "    de pesos continuos, com valores entre 0 e 1, e a soma dos \n",
    "    pesos deve ser igual a 1.\n",
    "    \n",
    "    '''\n",
    "    population = []\n",
    "    epsilon = 1e-6\n",
    "\n",
    "    for _ in range(max_size):\n",
    "\n",
    "        ind = []\n",
    "\n",
    "        first_element = random.uniform(epsilon, 0.98)\n",
    "        second_element = random.uniform(epsilon, 1 - first_element - epsilon)\n",
    "        third_element = 1 - (first_element + second_element)\n",
    "\n",
    "        ind = [first_element, second_element, third_element]\n",
    "        random.shuffle(ind)\n",
    "\n",
    "        population.append(ind)\n",
    "\n",
    "    return population\n",
    "\n",
    "# 2. Avaliação\n",
    "\n",
    "# Aplica-se uma função de fitness no conjunto.\n",
    "# Essa função define o quão boa é cada solução (quanto maior ou menor, melhor — depende do problema).\n",
    "#     * Nesse processo, os individuos inicializados serão executados em cada modelo e avaliados de acordo com o resultado do fitness utilizado.\n",
    "\n",
    "start_population(20)\n"
   ]
  },
  {
   "cell_type": "code",
   "execution_count": null,
   "id": "8f6bbed2",
   "metadata": {},
   "outputs": [
    {
     "name": "stderr",
     "output_type": "stream",
     "text": [
      "/usr/local/lib/python3.12/dist-packages/sklearn/neural_network/_multilayer_perceptron.py:691: ConvergenceWarning: Stochastic Optimizer: Maximum iterations (200) reached and the optimization hasn't converged yet.\n",
      "  warnings.warn(\n",
      "/usr/local/lib/python3.12/dist-packages/sklearn/neural_network/_multilayer_perceptron.py:691: ConvergenceWarning: Stochastic Optimizer: Maximum iterations (200) reached and the optimization hasn't converged yet.\n",
      "  warnings.warn(\n",
      "/usr/local/lib/python3.12/dist-packages/sklearn/neural_network/_multilayer_perceptron.py:691: ConvergenceWarning: Stochastic Optimizer: Maximum iterations (200) reached and the optimization hasn't converged yet.\n",
      "  warnings.warn(\n",
      "/usr/local/lib/python3.12/dist-packages/sklearn/neural_network/_multilayer_perceptron.py:691: ConvergenceWarning: Stochastic Optimizer: Maximum iterations (200) reached and the optimization hasn't converged yet.\n",
      "  warnings.warn(\n",
      "/usr/local/lib/python3.12/dist-packages/sklearn/neural_network/_multilayer_perceptron.py:691: ConvergenceWarning: Stochastic Optimizer: Maximum iterations (200) reached and the optimization hasn't converged yet.\n",
      "  warnings.warn(\n",
      "/usr/local/lib/python3.12/dist-packages/sklearn/neural_network/_multilayer_perceptron.py:691: ConvergenceWarning: Stochastic Optimizer: Maximum iterations (200) reached and the optimization hasn't converged yet.\n",
      "  warnings.warn(\n",
      "/usr/local/lib/python3.12/dist-packages/sklearn/neural_network/_multilayer_perceptron.py:691: ConvergenceWarning: Stochastic Optimizer: Maximum iterations (200) reached and the optimization hasn't converged yet.\n",
      "  warnings.warn(\n",
      "/usr/local/lib/python3.12/dist-packages/sklearn/neural_network/_multilayer_perceptron.py:691: ConvergenceWarning: Stochastic Optimizer: Maximum iterations (200) reached and the optimization hasn't converged yet.\n",
      "  warnings.warn(\n",
      "/usr/local/lib/python3.12/dist-packages/sklearn/neural_network/_multilayer_perceptron.py:691: ConvergenceWarning: Stochastic Optimizer: Maximum iterations (200) reached and the optimization hasn't converged yet.\n",
      "  warnings.warn(\n",
      "/usr/local/lib/python3.12/dist-packages/sklearn/neural_network/_multilayer_perceptron.py:691: ConvergenceWarning: Stochastic Optimizer: Maximum iterations (200) reached and the optimization hasn't converged yet.\n",
      "  warnings.warn(\n",
      "/usr/local/lib/python3.12/dist-packages/sklearn/neural_network/_multilayer_perceptron.py:691: ConvergenceWarning: Stochastic Optimizer: Maximum iterations (200) reached and the optimization hasn't converged yet.\n",
      "  warnings.warn(\n",
      "/usr/local/lib/python3.12/dist-packages/sklearn/neural_network/_multilayer_perceptron.py:691: ConvergenceWarning: Stochastic Optimizer: Maximum iterations (200) reached and the optimization hasn't converged yet.\n",
      "  warnings.warn(\n"
     ]
    }
   ],
   "source": [
    "metrics_lst = []\n",
    "\n",
    "def get_file():\n",
    "\n",
    "    file_path = '/content/drive/MyDrive/Colab Notebooks/Forecast/Datasets'\n",
    "    arquivos = []\n",
    "\n",
    "    for f in os.listdir(file_path):\n",
    "        full_path = os.path.join(file_path, f)\n",
    "\n",
    "        yield full_path\n",
    "     \n",
    "\n",
    "for file_content in get_file():\n",
    "\n",
    "    X = pd.read_csv(file_content, sep='\\t', decimal='.')\n",
    "\n",
    "    data = X.iloc[:, 0].values\n",
    "\n",
    "    n_lags = 5\n",
    "    X, y = prc.window_lags(data, n_lags)\n",
    "\n",
    "    # MLP Params\n",
    "    solver = 'sgd' # adam, sgd\n",
    "    hidden_neurons = [10,20,30,40]\n",
    "    learning_rate = [0.1, 0.01, 0.001]\n",
    "    activation=['logistic','tanh','relu']\n",
    "    #[[10, 0.1, 'relu'],[10, 0.1, 'logistic']... [40, 0.001, 'tanh']]\n",
    "    jumps =  10\n",
    "\n",
    "    lst_results, pred_test, pred_test_denom, X_test, y_test, best_rna = models.forecast_mlp(\n",
    "        X,\n",
    "        y,\n",
    "        solver,\n",
    "        hidden_neurons,\n",
    "        learning_rate,\n",
    "        activation,\n",
    "        jumps\n",
    "    )\n",
    "\n",
    "    # MLP Metrics\n",
    "    metrics_error = plot_dashes.get_metrics_error(y_test, pred_test_denom)\n",
    "    metrics = {\n",
    "            'base': file_content,\n",
    "            'data': {\n",
    "                'model': 'MLP',\n",
    "                'metrics': metrics_error\n",
    "            }\n",
    "        }\n",
    "    metrics_lst.append(metrics)\n",
    "\n",
    "    # SVR\n",
    "    C_values=[0.1, 1, 10, 100] # Penalidade por erro\n",
    "    epsilon_values=[0.01, 0.05, 0.1]\n",
    "    gamma_values=['scale', 0.01, 0.1]\n",
    "\n",
    "    lst_results, pred_test, X_test, y_test, best_svr = models.forecast_svr(X, y, C_values, epsilon_values, gamma_values)\n",
    "\n",
    "    # SVR Metrics\n",
    "    metrics_error = plot_dashes.get_metrics_error(y_test, pred_test)\n",
    "    metrics = {\n",
    "            'base': file_content,\n",
    "            'data': {\n",
    "                'model': 'SVR',\n",
    "                'metrics': metrics_error\n",
    "            }\n",
    "        }\n",
    "    metrics_lst.append(metrics)\n",
    "\n",
    "    # RF\n",
    "    n_estimators_values = [50, 100, 200]\n",
    "    max_depth_values = [None, 5, 10, 20]\n",
    "\n",
    "    lst_results, pred_test, X_test, y_test, best_rf = models.forecast_rf(X, y, n_estimators_values, max_depth_values)\n",
    "\n",
    "    # RF Metrics\n",
    "    metrics_error = plot_dashes.get_metrics_error(y_test, pred_test)\n",
    "    metrics = {\n",
    "            'base': file_content,\n",
    "            'data': {\n",
    "                'model': 'RF',\n",
    "                'metrics': metrics_error\n",
    "            }\n",
    "        }\n",
    "    metrics_lst.append(metrics)\n",
    "    "
   ]
  },
  {
   "cell_type": "code",
   "execution_count": 17,
   "id": "5256d625",
   "metadata": {},
   "outputs": [
    {
     "data": {
      "text/plain": [
       "array([2713, 3800, 3091, 2985, 3790,  674,   81,   80,  108,  229,  399,\n",
       "       1132, 2432, 3574, 2935, 1537,  529,  485,  662, 1000, 1590, 2657,\n",
       "       3396])"
      ]
     },
     "execution_count": 17,
     "metadata": {},
     "output_type": "execute_result"
    }
   ],
   "source": [
    "svr"
   ]
  },
  {
   "cell_type": "code",
   "execution_count": 33,
   "id": "98ada816",
   "metadata": {},
   "outputs": [],
   "source": [
    "to_json = json.dumps(metrics_lst, indent=4)\n",
    "content = json.loads(to_json)"
   ]
  }
 ],
 "metadata": {
  "kernelspec": {
   "display_name": "Python 3 (ipykernel)",
   "language": "python",
   "name": "python3"
  },
  "language_info": {
   "codemirror_mode": {
    "name": "ipython",
    "version": 3
   },
   "file_extension": ".py",
   "mimetype": "text/x-python",
   "name": "python",
   "nbconvert_exporter": "python",
   "pygments_lexer": "ipython3",
   "version": "3.12.13"
  }
 },
 "nbformat": 4,
 "nbformat_minor": 5
}
